array([1.7523192 , 1.6864012 , 1.6204834 , 1.5545654 , 1.5325929 ,
       1.5545654 , 1.5545654 , 1.4666749 , 1.3787843 , 1.334839  ,
       1.2908936 , 1.2689209 , 1.2689209 , 1.2689209 , 1.2469482 ,
       1.2030029 , 1.1810303 , 1.1590576 , 1.1151123 , 1.0931396 ,
       1.0931396 , 1.071167  , 1.0272217 , 1.005249  , 1.005249  ,
       0.9832763 , 0.93933105, 0.91735846, 0.89538574, 0.8734131 ,
       0.8734131 , 0.8734131 , 0.8734131 , 0.8734131 , 0.8734131 ,
       0.8734131 , 0.8734131 , 0.8734131 , 0.8734131 , 0.8734131 ,
       0.8734131 , 0.89538574, 0.91735846, 0.91735846, 0.93933105,
       0.96130365, 0.96130365, 0.96130365, 0.93933105, 0.91735846,
       0.89538574, 0.8734131 , 0.8734131 , 0.8734131 , 0.8734131 ,
       0.8734131 , 0.8734131 , 0.8734131 , 0.8734131 , 0.8734131 ,
       0.8734131 , 0.8734131 , 0.8734131 , 0.89538574, 0.91735846,
       0.91735846, 0.91735846, 0.93933105, 0.96130365, 0.96130365,
       0.96130365, 0.96130365, 0.91735846, 0.89538574, 0.8734131 ,
       0.8734131 , 0.8734131 , 0.8734131 , 0.8734131 , 0.8734131 ,
       0.8734131 , 0.8734131 , 0.8734131 , 0.8734131 , 0.8734131 ,
       0.8734131 , 0.89538574, 0.91735846, 0.91735846, 0.91735846,
       0.93933105, 0.96130365, 0.96130365, 0.96130365, 0.96130365,
       0.93933105, 0.91735846, 0.89538574, 0.8734131 , 0.8734131 ,
       0.8734131 , 0.8734131 , 0.8734131 , 0.8734131 , 0.8734131 ,
       0.8734131 , 0.8734131 , 0.8734131 , 0.8734131 , 0.89538574,
       0.91735846, 0.91735846, 0.91735846, 0.93933105, 0.96130365,
       0.96130365, 0.96130365, 0.93933105, 0.91735846, 0.89538574,
       0.8734131 , 0.8734131 , 0.8734131 , 0.8734131 , 0.8734131 ,
       0.8734131 , 0.8734131 , 0.8734131 , 0.8734131 , 0.8734131 ,
       0.8734131 , 0.8734131 , 0.89538574, 0.91735846, 0.91735846,
       0.91735846, 0.93933105, 0.96130365, 0.96130365, 0.96130365,
       0.96130365, 0.93933105, 0.91735846, 0.89538574, 0.8734131 ,
       0.8734131 , 0.8734131 , 0.8734131 , 0.8734131 , 0.8734131 ,
       0.8734131 , 0.8734131 , 0.8734131 , 0.8734131 , 0.8734131 ,
       0.89538574, 0.91735846, 0.91735846, 0.91735846, 0.93933105,
       0.96130365, 0.96130365, 0.96130365, 0.96130365, 0.93933105,
       0.89538574, 0.8734131 , 0.8734131 , 0.8734131 , 0.8734131 ,
       0.8734131 , 0.8734131 , 0.8734131 , 0.8734131 , 0.8734131 ,
       0.8734131 , 0.8734131 , 0.8734131 , 0.89538574, 0.91735846,
       0.91735846, 0.91735846, 0.93933105, 0.96130365, 0.96130365,
       0.96130365, 0.96130365, 0.93933105, 0.91735846, 0.89538574,
       0.8734131 , 0.8734131 , 0.8734131 , 0.8734131 , 0.8734131 ,
       0.8734131 , 0.8734131 , 0.8734131 , 0.8734131 , 0.8734131 ,
       0.8734131 , 0.89538574, 0.91735846, 0.91735846, 0.91735846,
       0.93933105, 0.96130365, 0.96130365, 0.96130365, 0.93933105,
       0.91735846, 0.89538574, 0.8734131 , 0.8734131 , 0.8734131 ,
       0.8734131 , 0.8734131 , 0.8734131 , 0.8734131 , 0.8734131 ,
       0.8734131 , 0.8734131 , 0.8734131 , 0.8734131 , 0.89538574,
       0.91735846, 0.91735846, 0.91735846, 0.93933105, 0.96130365,
       0.96130365, 0.96130365, 0.93933105, 0.91735846, 0.89538574,
       0.8734131 , 0.8734131 , 0.8734131 , 0.8734131 , 0.8734131 ,
       0.8734131 , 0.8734131 , 0.8734131 , 0.8734131 , 0.8734131 ,
       0.8734131 , 0.8734131 , 0.89538574, 0.91735846, 0.91735846,
       0.91735846, 0.93933105, 0.96130365, 0.96130365, 0.96130365,
       0.93933105, 0.91735846, 0.89538574, 0.8734131 , 0.8734131 ,
       0.8734131 , 0.8734131 , 0.8734131 , 0.8734131 , 0.8734131 ,
       0.8734131 , 0.8734131 , 0.8734131 , 0.8734131 , 0.8734131 ,
       0.89538574, 0.91735846, 0.91735846, 0.91735846, 0.96130365,
       0.96130365, 0.96130365, 0.96130365, 0.93933105, 0.91735846,
       0.89538574, 0.8734131 , 0.8734131 , 0.8734131 , 0.8734131 ,
       0.8734131 , 0.8734131 , 0.8734131 , 0.8734131 , 0.8734131 ,
       0.8734131 , 0.8734131 , 0.8734131 , 0.89538574, 0.91735846,
       0.91735846], dtype=float32)